,pays,ados_non-scol,enfants_non-scol,inscriptions_ens_sup,inscriptions_primaire,inscriptions_préscol,inscriptions_secondaire,ratio_ens_sup,ratio_primaire,ratio_secondaire,tx_achevement_primaire,tx_achevement_secondaire,tx_alphabétisation_jeunes,tx_alphabétisation_total,capacite_financement,chomage_total,croissance_pib,croissance_pib_hab,indice_gini,pop_active_avec_diplome,tx_emploi_15+,tx_actifs_15-24,epargne_brute(PIB),cluster_km,cluster_km_2,cluster_km_5,cluster_ddg,cluster_db
0,Afghanistan,7.781352671,3.996940017,4.61934185,94.89555391,3.080470085,39.70097115,0.294833332,0.599088334,0.442297649,83.51177216,43.78614283,56.20529938,37.2342844,-0.461141911330864,5.81750005483628,6.6647753298789,3.45264024826434,65.5,49.7450008392334,49.3724994659424,45.3399991989136,20.8965587127466,1,0,2,1,-1
1,Afrique du Sud,13.7858057,7.176252484,20.99497159,104.2685801,22.9146471,94.45725923,1.29652667,0.963646107,1.068906461,90.04766973,80.10578003,98.17669678,92.1094408,-3.15651833418398,27.014737079018,2.55866916736513,1.14418116787896,63.55,43.265555911594,38.0915790357088,27.254736950523,16.3717875084402,2,1,1,2,0
2,Albanie,4.755447477,6.47287329,41.65042702,100.3352468,66.30031927,86.71537379,1.308676845,1.016700007,0.982992951,96.28248644,92.40100316,99.12378998,97.37700806,-3.2364715838289,14.5826316130789,4.11702300729396,4.55511255900912,31.9625,45.8084615560678,47.9635712759835,34.6664281572614,21.3117083219804,2,1,0,2,0
3,Algérie,7.781352671,2.718591751,29.79848688,111.3454405,35.69460883,80.69989777,1.29964929,0.938632629,1.063732732,98.09992298,71.4746062,93.27767372,74.76651573,-1.840846261940665,14.3111763561473,3.25263157894734,1.49344987767732,27.6,52.1739997863769,34.8862500190735,25.4014290400914,47.2901341588784,2,1,1,2,0
4,Allemagne,2.63991471,2.28048055,67.46791712,102.8961936,108.6933072,101.3359261,0.985776663,0.995831665,0.959991111,100.2952402,82.62945938,98.002902985,91.78500279,-0.60678719468806,6.81526308310659,1.26669337626563,1.21043007956627,30.8785714285714,38.0547370910645,55.4499997590717,50.4026312577097,26.2471018131252,0,1,3,2,0
5,Angola,25.08487384,18.19633245,4.760963354,107.8455823,87.80827522,25.17607975,0.685894001,0.796904004,0.728504275,40.99473667,18.59268634,74.81280899,66.71776581,1.19250571346653,10.7579999446869,5.5899562220355,1.96408953047603,47.0,60.2575006484985,59.5160018920898,46.114001083374,31.0952663111868,3,0,4,1,-1
6,Antigua-et-Barbuda,2.380392432,2.327176994,17.91717267,109.0895683,84.57260132,111.1272911,1.565445006,0.954968995,1.023484004,102.5244265,95.12589645,98.002902985,98.94999695,-1.840846261940665,8.42000007629395,2.42780618055243,1.1203581695802,82.0,52.1739997863769,65.7600021362305,51.0099983215332,14.7114074410556,0,1,3,2,0
7,Arabie saoudite,3.432197601,2.676858644,43.51855489,105.5530793,15.90722649,103.8918753,1.144338947,0.993842146,0.924657149,102.1505737,98.54088783,98.12444814,90.87090302,-1.8298813643754,5.61444446775648,3.37742528055359,0.655382911317887,39.4666666666667,48.170000076294,49.5414287022182,17.6476923135611,39.2747138111759,2,1,1,2,0
8,Argentine,1.65817235,0.358018824,72.67041868,114.8515095,67.61236415,99.31133225,1.344431772,0.993551184,1.080578222,100.7372028,83.29604025,99.42415827,98.85279499,-3.88412218987768,10.3664706174065,2.12737189364029,1.0708452438019,45.5,51.3792310861441,53.9717642840217,41.8664278302874,16.9091619165603,0,1,0,2,0
9,Arménie,6.018591046,7.506259339,46.02248563,98.99024482,39.91367902,91.52894756,1.211116847,1.014192631,1.01987198,94.78408051,93.01974429,99.83390045,99.62687937,-2.49114032016208,17.7307693041288,6.61052631560568,6.83029423033434,32.1555555555555,34.814615543072,48.1923073988694,35.194545399059,16.8685798929231,2,1,1,2,0
10,Aruba,5.694058716,1.441609097,28.32570708,111.7516196,102.6994166,98.84094874,1.366054364,0.96316,1.03474084,94.23503049,94.01079475,99.31920624,97.31502914,-1.840846261940665,8.02750003337859,0.575666358655223,-0.297778412790442,70.3,52.1739997863769,59.2166659037272,44.7299995422363,9.61998306281304,0,1,3,2,0
11,Australie,1.107231674,1.051243878,115.1316967,103.2991702,106.1667129,148.3163071,1.29163,1.006763895,0.891294986,95.08778327,82.763300195,98.002902985,91.78500279,-0.834435414307722,5.49649999141693,2.86063860596656,1.35247903328577,34.1,62.6960006713867,61.2519998550415,68.6899997711182,22.2104088937453,0,1,3,2,-1
12,Autriche,1.551075888,1.931846673,77.07024479,101.3351864,95.64225854,99.53965123,1.160786649,0.991996662,0.958371669,98.80267868,99.83844706,98.002902985,91.78500279,-1.80076874905855,5.07368421554565,1.5392724562733,0.992472881213719,30.2666666666667,37.1126315468236,57.0021049097965,57.5121054398386,26.5426302907432,0,1,3,2,0
13,Azerbaïdjan,8.762566348,8.53709321,22.78081131,98.53564333,26.63101066,94.62778473,1.071037854,0.982291055,0.999470025,96.29506924,87.08648639,99.95026779,99.76262817,7.2189434586122,6.35526313279804,8.55638669238348,7.31144431248185,28.36,52.1739997863769,63.0055558946398,35.8300003051758,34.7717929223862,2,1,1,2,0
14,Bahamas,15.52788351,16.74246727,28.107104065,90.83867696,33.94472885,83.67192125,1.171020031,0.979654666,1.022193745,87.43820836,93.98557409,98.002902985,91.78500279,-2.56292763036798,11.0605883317835,0.971335507957419,-0.438898621966269,82.8,52.1739997863769,66.7214284624372,41.493860018880696,25.5967012030815,2,1,1,2,0
15,Bahreïn,3.809932635,4.743606643,40.48588721,98.81914215,47.05084674,96.53549915,1.515434156,1.018789319,1.054157224,97.9037868,94.44283337,98.24898224,93.89217987,2.99943789444542,3.27166666587194,4.37778811526795,-0.471282936248673,74.7,52.1739997863769,63.2454546148127,40.8040000915527,30.8348660221829,2,1,0,2,0
16,Bangladesh,28.37453508,3.883716011,11.79528368,105.6980324,23.04619906,56.33101739,0.609692501,1.06156002,1.105858896,64.6584425,63.58698572,83.05785266,62.93395927,-0.772741199563711,4.21124997735024,6.20073091886605,4.84426854954554,32.5666666666667,61.2699996948242,55.6550000508626,44.7699998219808,35.4887952187162,1,0,2,2,0
17,Barbade,5.284142389,3.919087641,62.09685669,98.0604468,82.81576673,105.2340828,1.55445199,0.989895887,1.021109413,96.51420065,102.2888769,99.90000153,99.59999847,-5.75542749087107,9.720526243511,0.498529949282941,0.20500723757116,77.8,57.2840003967285,60.1936842265882,47.6827274669301,6.07017171361578,0,1,3,2,0
18,Belgique,1.628592239,1.314681119,67.40996255,102.4859865,116.9909286,158.4182256,1.206203891,0.997294452,1.127903879,95.08778327,90.88035173,98.002902985,91.78500279,-1.79194684781704,7.46315785458213,1.5895258512179,0.984517790894484,28.3133333333333,30.9105262756348,49.1426319323088,32.0373681720935,25.7535144527901,0,1,3,2,-1
19,Belize,10.31154767,2.477830532,20.68779875,112.2718779,39.93734052,78.68321652,1.384936308,0.960941054,1.04748055,101.1780908,63.0833789,98.002902985,91.78500279,-3.457667558852,8.53363639658147,2.83996135675659,0.396126433099554,80.3,58.0383338928222,58.6166667938232,47.7616666158041,9.66000761859225,2,1,1,2,0
20,Bermudes,17.18154907,4.50391674,27.41775227,97.88643456,54.92181873,77.13654327,1.510019998,1.014866379,1.134108325,94.38766734,84.7566291,98.002902985,91.78500279,-1.840846261940665,7.00199975967407,0.145911136123575,-0.032731153009363,39.4666666666667,52.1739997863769,69.939998626709,41.493860018880696,39.4124797167108,2,1,0,2,0
21,Bhoutan,23.06520829,15.21046431,8.897807295,98.89564153,13.60793539,66.61544418,0.708979097,0.990682097,1.026340659,82.11382375,62.63840701,84.51828512,58.23113251,-1.67014079817601,2.81769230732551,7.27647640595738,5.84252319391723,38.8,60.6000003814698,62.4344444274903,38.0125000476837,31.2511129696419,1,0,2,2,0
22,Bolivie,8.190384054,4.916133843,28.107104065,106.096366,57.26157527,86.61828868,1.171020031,0.990657783,0.974363337,93.54957157,89.10039054,98.95345415,91.21069772,-2.65165876399245,3.67941171982709,4.25308634549914,2.54999724811504,50.4375,64.1731252670288,67.2388886345757,48.5992311330942,19.9807933265413,2,1,0,2,0
23,Bosnie-Herzégovine,7.781352671,3.996940017,28.83774948,102.8845632,24.58069038,86.16828346,1.331879973,0.987593896,1.003102783,95.08778327,82.763300195,99.5623703,97.56690216,-0.220005675644428,25.2285714149475,3.2950224077607,3.98394005916622,32.525,28.9735716411046,32.2321427209037,31.6442856107439,10.0429175834989,2,1,1,2,0
24,Botswana,1.662185013,11.71261422,17.81094823,108.5661251,17.25860903,82.64361095,1.058698188,0.982457693,1.051467508,99.69794464,91.87317796,95.70686722,84.00594711,-0.805652055632622,19.4600003560384,4.26093772851306,2.42658731630725,59.5,60.7624998092651,50.276000213623,39.6116669972738,37.8167678533851,2,1,1,2,0
25,Brunéi Darussalam,1.380714161,0.420080001,21.29273224,107.0292017,62.77173494,95.64134377,1.429554726,0.983256836,1.009743678,108.1892471,104.9156122,99.32316589,95.32360077,-1.840846261940665,7.97749984264374,0.855913850393407,-0.531234545705569,80.0,55.7124996185303,60.1300003051758,41.0860000610351,54.9476941890097,2,1,0,2,0
26,Brésil,3.169266661,1.828254988,28.82164743,136.5570085,55.32622242,99.9181118,1.226132221,0.941847781,1.106810004,109.1200733,73.07592519,98.3409511,91.14837646,-4.72371065505377,9.18555556403266,2.28600673574809,1.27473071537841,54.6352941176471,62.0233334435357,58.9916665818956,59.1077777014838,16.3280435031142,2,1,0,2,0
27,Bulgarie,5.79473164,4.207124465,56.17419328,101.0469153,79.75422965,94.06998232,1.204459998,0.99004722,0.965481112,98.77178786,46.99010086,98.03876495,98.27800369,-0.50300361000276,10.1378947810123,3.5878511684625,4.45740570187395,36.5666666666667,25.731052699842,47.5689470391524,28.5352630615234,20.0037186459442,0,1,0,2,0
28,Burkina Faso,61.9447394,40.13181797,3.92281168,74.5313271,3.696709951,24.48422835,0.478300594,0.887059999,0.813695553,46.71766938,21.04107186,40.76175944,28.65586789,-3.62795202546567,4.25,5.8521046115136,2.77796180199353,39.4666666666667,48.5550003051758,64.4425001144409,47.706667582194,12.8609172807526,1,0,2,1,0
29,Burundi,32.81601982,24.45308649,3.116149366,112.5727069,8.070706202,27.27699979,0.452146927,0.946017366,0.848818749,50.4535958,22.40348212,76.50672277,59.3242925,-1.840846261940665,1.60000002384186,2.67227334176266,-0.477825985394698,36.0,33.7799987792969,77.7299995422364,51.3299999237061,5.90072936939957,1,0,2,1,-1
30,Bélarus,1.30748125,1.078324363,77.5881869,102.5399412,100.0526653,106.6066458,1.26556111,0.991582781,0.975789997,103.3845461,105.3359595,99.83660507,99.68680954,0.86599591135611,2.46722223030196,4.46341752592933,4.76423564642686,27.4888888888889,52.1739997863769,68.0166657765706,48.2000007629395,27.4502313067967,0,1,3,2,0
31,Bénin,34.40871048,7.928559138,10.25822663,115.6266941,14.86736073,42.71950086,0.365745714,0.859234995,0.592917787,64.99645732,34.76660132,50.27821732,34.66779423,-1.840846261940665,1.46000001827876,4.44731738822569,1.51238113681518,43.2666666666667,78.0100021362305,73.0166676839193,48.1980003356934,14.1487631811887,1,0,2,1,0
32,Cabo Verde,7.781352671,4.877058877,15.06114117,111.0842624,67.94886441,83.6896748,1.215527217,0.942396667,1.133231653,94.47814221,71.51160598,98.12014008,86.05904007,-1.840846261940665,15.5359998703003,4.46568853379086,3.09852500244352,47.3666666666667,64.0974998474121,49.6279998779297,36.3849992752075,32.3497603051831,2,1,0,2,0
33,Cambodge,43.22604179,5.458233787,8.761952003,121.0704057,14.6440533,32.6176657,0.60327214,0.939793166,0.712837143,84.46791799,41.92112637,88.06647949,77.04015656,-1.65916061657809,1.32769231268993,7.58677013484447,5.8746775716689,70.2,81.4116668701172,79.8584612332858,74.0884619492751,18.8224472914238,1,0,2,1,-1
34,Cameroun,36.64402485,8.128599962,10.06502506,106.7036735,25.30530569,40.46646983,0.759826467,0.872381667,0.810322662,66.33315557,32.50942955,82.93000285,73.01382955,-2.98603430893712,4.51200003623962,4.26510750958611,1.49521591589297,43.8333333333333,76.4099998474121,69.7425003051758,51.5799992879232,18.0113634477593,1,0,2,1,0
35,Canada,0.287375005,0.358480008,64.6377405,99.65939535,59.5749357,106.8152155,1.263121541,1.001229334,0.992805711,95.08778327,82.763300195,98.002902985,91.78500279,0.511377228693869,7.06400003433228,2.54531794245343,1.45691583092973,33.64,47.9090000152588,61.7610000610352,64.9609994888306,21.5794874324893,0,1,0,2,0
36,Chili,3.491095831,3.146710833,66.33356049,103.1530546,86.68856812,94.69463259,1.048650594,0.964580003,1.017114709,96.9486742,94.81497669,99.08451653,96.77104855,0.574173347177139,8.31052642119558,3.68073096006761,2.53543005818157,46.6285714285714,48.4515377924993,53.2952631900185,36.3326318640458,21.8687654301322,0,1,3,2,0
37,Chine,7.781352671,3.996940017,29.44497831,100.2525085,62.49189444,73.24545097,1.0551953,0.995632001,0.986135713,95.63797188,100.0511475,99.71294403,95.98268509,-1.840846261940665,4.12941173946156,9.05033508054429,8.46816079022927,41.02,52.1739997863769,70.5136843229595,57.3800010681152,46.2433532893036,2,1,0,2,0
38,Chine. RAS de Hong Kong,3.607758441,1.318408583,57.61827301,107.9748611,108.6640987,92.35820208,1.042947064,1.024566248,0.995502641,103.2104721,98.10530853,98.002902985,91.78500279,-1.840846261940665,4.47944447729323,3.3484866528438,2.70227429802357,77.7,48.0787496566773,58.0293748378754,40.9699997901917,29.6912693165626,0,1,3,2,0
39,Chypre,1.220385557,0.912062222,46.548515,100.1709243,74.91696527,97.2730679,1.096576684,0.998042219,1.007948329,99.41774411,96.96055349,99.79796219,97.74102783,-3.25577100345402,7.93421056396083,2.38608993069071,1.03080782108139,32.55,44.3731581035413,58.0494738127056,39.9399998313502,14.6991099138139,0,1,0,2,0
40,Cisjordanie et Gaza,9.909273173,8.608580012,42.45994799,93.38110633,41.72613094,86.67399677,1.213034216,0.997702627,1.078081576,94.29926342,81.08055539,99.23791034,95.22525318,-1.840846261940665,22.0363159179688,4.54963331294625,1.9825842368823,34.525,38.4968424345318,31.6673687382748,26.5110526837801,8.37703063199932,2,1,1,2,0
41,Colombie,6.711974961,2.111352682,41.06367964,118.4152065,49.82952361,91.52230263,1.096410005,0.980588822,1.091154382,105.8567797,77.75516622,98.22180367,93.52977435,-3.24324398088871,10.69684199283,3.8582362219013,2.56072348601973,53.325,61.8511110941569,60.1078946966874,53.1905262595729,17.3132484781639,2,1,0,2,0
42,Comores,25.78498983,15.82356625,6.671191126,106.2108742,16.9450656,50.91489737,0.795138563,0.902964008,0.955407134,67.9767046,37.57363815,74.92583084,54.00658035,-1.840846261940665,6.35500025749207,2.81764971280753,0.409227461369356,50.6,36.1799993515014,40.1649990081787,15.1950001716614,10.7202599300491,1,0,2,1,0
43,Congo. République du,7.781352671,29.33991504,7.345536232,105.9746679,8.703236659,43.75706005,0.444942493,0.946940015,0.782107502,68.75649738,39.04012574,80.51236216,78.57490794,6.40872108062281,15.2999998728434,2.06664620344161,-0.814758151382506,48.1,63.6300010681152,51.435001373291,42.5,38.6494487508607,1,0,2,1,0
44,Congo. République démocratique du,7.781352671,3.996940017,6.423233807,101.0751169,3.498929168,42.20885637,0.432779998,0.879524545,0.587936666,62.398457,44.76960882,76.19496155,70.10960197,-1.840846261940665,3.66999983787537,5.38054267663988,2.0426529652916,42.15,68.1049995422364,66.7500019073487,40.5549983978271,13.6611872298217,1,0,2,1,0
45,Corée. République de,2.746390104,1.824268736,94.59013324,100.185265,94.11154302,97.43841341,0.711504999,0.998634441,1.003102783,99.67518404,99.83554241,99.95417023,97.96594238,1.46809403266081,3.55250000953674,3.85383606515305,3.33391338516004,31.9,48.2933330535889,60.0324996948242,29.0114998817444,34.3979506527516,0,1,3,2,0
46,Corée. République démocratique de,7.781352671,2.24751997,29.04089451,94.35100555,59.5749357,92.27278137,0.522610009,0.999430001,1.012639999,97.3324585,82.763300195,99.99964142,99.99819183,-1.840846261940665,6.880263108956185,3.45417419607163,1.9831234338308,39.4666666666667,52.1739997863769,57.1549996827778,41.493860018880696,20.8965587127466,2,1,0,2,0
47,Costa Rica,6.104715533,1.084193327,49.71429291,113.3180919,76.97576747,103.4601538,1.195088983,0.987709449,1.05178888,96.99749035,56.68870735,99.28184891,97.63518524,-2.24712009753427,7.69842112691779,3.92906146177364,2.61287483817042,49.0777777777778,58.5447369625694,56.186842265882,47.4236843711452,14.8251706976504,0,1,0,2,0
48,Croatie,2.112858009,2.000259441,53.60370382,97.55417364,57.863188,96.29230454,1.220414433,0.99871823,1.037649996,97.45796473,96.26485661,99.68613815,98.63602066,-3.6223800492985,12.6910527379889,1.98453101439048,2.49520952073243,31.8111111111111,25.2555555767483,44.9105264764083,35.3961112764147,20.5689307746586,2,1,0,2,0
49,Cuba,3.499737914,2.501741068,61.42672178,100.982154,103.6705878,94.1937822,1.344172919,0.966590003,1.010844733,94.4143737,91.85210017,99.91512299,99.77580261,-1.840846261940665,2.4111111164093,3.9601716816067,3.85236494846516,64.5,36.420000076294,57.527500629425,38.4599990844727,20.8965587127466,0,1,3,2,0
50,Curacao,7.781352671,3.996940017,21.42856979,160.9963531,59.5749357,87.21237946,1.560780048,0.960309982,1.083570004,95.08778327,82.763300195,98.002902985,91.78500279,-1.840846261940665,12.1119998931885,-0.144931702971913,-0.998586096172235,39.4666666666667,52.1739997863769,49.9560005187988,30.2600002288818,17.2227660622351,2,1,0,2,-1
51,Côte d'Ivoire,46.22753448,25.81916337,8.059857035,82.79815578,5.054648697,46.7522672,0.592128992,0.837895624,0.736306657,57.62104533,34.07957649,53.25026703,44.01846695,-1.7359726471063,4.33499991893768,3.77086708828606,1.35609654473086,42.0,62.289999961853,61.8674993515014,41.8249998092652,15.6671979742383,1,0,2,1,0
52,Danemark,1.623384683,0.643182352,76.09593201,100.7209859,95.64416207,124.9080811,1.285139461,0.996876475,1.030590564,100.7662421,98.12944794,98.002902985,91.78500279,0.815000363815236,5.65947367015638,1.34266046773634,0.8855853083315,26.9333333333333,46.1821052149723,60.0657896744577,64.1178954275031,27.040957011513,0,1,3,2,0
53,Djibouti,66.1380744,48.68359195,2.485567277,58.84504981,4.627606666,37.20979945,0.734839087,0.957168334,0.845270558,52.47750203,37.52234149,98.002902985,91.78500279,-1.840846261940665,26.0599994659424,7.16525649270631,5.44154267482179,42.7,28.6299991607666,23.8600006103516,14.7799997329712,28.863211326594,1,0,2,1,-1
54,Dominique,9.26513387,8.582896605,28.107104065,102.8784844,90.68333839,99.47702081,1.171020031,0.987905302,1.07263359,94.44876051,86.24171859,98.002902985,91.78500279,-1.840846261940665,10.960000038147,1.36269343075192,1.19950892494613,82.3,52.1739997863769,51.3699989318848,43.1599998474121,20.8965587127466,0,1,0,2,0
55,El Salvador,10.5763956,8.786128819,25.50246398,111.1489961,59.5749357,69.61101384,1.095791671,0.962749994,0.995961676,94.37509604,75.41445586,96.47375419,85.81813674,-2.26255396415254,5.2773684576938,2.05228836739816,1.56095593393869,44.6333333333333,59.6729999542236,57.0257897627981,47.2468752861023,14.1796719524009,2,1,0,2,0
56,Espagne,1.587693325,0.462500007,75.37131267,104.403973,93.91437022,119.1108793,1.177032775,0.998464995,1.03635334,99.00783811,88.76535688,99.6268692,97.88192695,-2.87346267211756,15.9810525994552,1.67421160774032,0.877172151150137,34.6333333333333,47.6715788590281,48.471052069413,40.797368501362,21.0193260350474,0,1,3,2,0
57,Estonie,1.857469453,1.216240551,68.27916442,99.98062727,96.63609314,105.6569468,1.378383319,0.988422775,1.022149447,99.94357639,101.6686831,99.94889832,99.88578796,0.596009717758206,8.72631574931898,3.78170291536402,4.06975159394394,32.92,35.9152633265445,55.6078946966874,39.8863160986649,25.2692565703208,0,1,3,2,0
58,Eswatini,5.421422822,14.37750506,5.742355029,115.9848803,25.74552441,61.9863177,0.956791659,0.917347649,0.958530656,80.5945264,49.22188613,94.48583221,85.75883484,-1.840846261940665,25.4799995422364,3.04768041707295,2.33256083107358,53.05,48.7799987792969,39.5200004577637,24.8999996185303,18.16028090695,2,0,1,2,0
59,Fidji,5.382081526,0.767043847,15.95967992,108.0530357,15.96639276,87.38526459,1.163936694,0.989504286,1.084267998,106.1179074,95.92044661,99.74433899,99.08210754,-2.25079241654212,6.72799999713898,2.41709368101615,1.92195287966987,38.4,56.386666615804,50.5099997520447,38.2999992370605,20.4581185679685,2,1,1,2,0
60,Finlande,1.155666103,1.256603319,90.24638028,99.73160723,68.93901189,126.2914335,1.174827231,0.993582219,1.074374437,99.67238235,99.53740751,98.002902985,91.78500279,1.06682390916696,8.45842105463931,1.44668814665059,1.10471547595429,27.52,31.8994736922415,55.3689474808542,54.0105261551706,25.380643483042,0,1,3,2,0
61,France,2.363224973,1.191208331,56.84131644,102.2739109,106.8486638,104.8374854,1.198441678,0.993061109,1.006365554,95.08778327,97.40051106,98.002902985,91.78500279,-3.64434370218384,8.91947362297459,1.28842715644804,0.777227532443248,32.0466666666667,34.1405260186446,51.0931583203767,37.5142107511821,22.4408777273358,0,1,3,2,0
62,Fédération de Russie,1.045079994,1.90542831,74.9861421,101.8526306,76.95754751,92.59671275,1.222937654,1.001632497,0.982818667,97.0805026,86.0930481,99.71088409,99.61843363,2.32707196042513,6.48315788570203,3.37056329136568,3.37481320407028,39.4666666666667,26.6110000610352,62.1300002650211,38.9678943031713,27.8386686380534,0,1,3,2,0
63,Gabon,7.781352671,3.996940017,8.191074848,138.4179535,24.85862398,52.7084198,0.635234982,0.989879981,1.003102783,72.22784424,82.763300195,89.14390182,83.47547913,0.409901417295368,18.6499996185303,2.53368255786063,-0.503957942907597,40.1,52.1739997863769,44.579999923706,18.2600002288818,39.062621864263,2,0,1,2,-1
64,Gambie,36.25803518,29.25177834,2.222865045,84.48673248,32.70034799,50.42472585,0.559377495,1.03635105,0.955896676,66.55481291,52.87372284,63.96963882,46.36400986,-1.840846261940665,9.78999996185303,3.05937455999505,-0.025639271210455,42.2666666666667,40.484998703003,43.4349994659424,29.2950000762939,9.77361599118862,1,0,2,1,0
65,Ghana,19.54037285,18.42052087,11.99573568,96.70742501,96.1043413,53.36406983,0.644417867,0.983125544,0.902913329,81.51009226,63.84141591,89.10355759,75.26835632,-5.43714505602999,4.63199996948242,6.20536483610667,3.68638017633366,42.9,68.7374973297119,65.64400100708,41.1060001373291,15.1436491849939,3,1,4,2,0
66,Gibraltar,5.919319868,0.298090011,28.107104065,103.0752474,150.7286854,98.25030136,1.171020031,1.009838323,0.979096671,95.71908061,92.11064657,98.002902985,91.78500279,-1.840846261940665,6.880263108956185,3.45417419607163,1.9831234338308,39.4666666666667,52.1739997863769,57.1549996827778,41.493860018880696,20.8965587127466,0,1,3,2,-1
67,Grenade,4.378146688,0.920811678,92.26450806,111.162532,96.82073313,115.3638638,1.200787997,0.963672658,1.011437152,114.5778954,99.12255721,99.19999695,98.59999847,-1.840846261940665,23.8666667938233,2.60208011453508,2.14092447008727,82.7,52.1739997863769,76.1333338419596,41.493860018880696,20.8965587127466,0,1,3,2,-1
68,Grèce,4.605836434,2.640614986,100.5643041,98.3222146,71.33654785,101.1270413,1.068566648,0.986694995,0.966111258,96.77033762,93.25505702,99.24959691,95.3633372,-6.50313532133602,15.8121053294132,0.21406868917514,0.251470680681574,34.6533333333333,37.2015787425794,44.1678950661107,29.9189473202354,8.78314294598306,0,1,3,2,0
69,Guatemala,29.22866528,9.278040677,17.2132019,107.0050685,55.65485488,47.74848006,1.010754025,0.959716674,0.936737779,77.21669218,51.47565397,90.51997566,76.42279053,-1.85181115950593,2.85090909220956,3.45417419607163,1.51542809405456,51.45,63.3381812355735,61.55166721344,54.370908910578,14.2030551935803,3,0,4,2,0
70,Guinée,57.32914461,32.61044795,8.462062836,81.39273198,10.6070925,29.64366093,0.308301819,0.809066669,0.50355445,52.22493008,27.96320645,41.59757678,29.00520007,-1.840846261940665,4.55000019073486,4.5871171726601,2.19902818225411,38.7,35.4199981689453,61.4900016784668,47.2099990844727,4.18184129564302,1,0,2,1,0
71,Guinée équatoriale,37.4245491,46.01479106,28.107104065,80.65842857,40.69512007,23.61492348,1.171020031,0.978332007,0.66377002,42.01698208,24.89813471,97.96704102,94.3705368,1.55544750336624,6.880263108956185,8.43909277198136,3.92660995231546,74.1,52.1739997863769,57.1549996827778,41.493860018880696,20.8965587127466,1,0,2,1,-1
72,Guinée-Bissau,7.781352671,27.33176041,2.469915032,111.2014252,6.692689896,33.08842468,1.171020031,0.931110024,1.003102783,65.14251709,36.79169846,60.40235138,45.5811615,-2.87023229971456,6.880263108956185,3.30864673647967,0.786487878330262,43.15,52.1739997863769,57.1549996827778,41.493860018880696,6.08977524467353,1,0,2,1,-1
73,Guyane,7.593806664,3.991696676,11.27688599,98.42760552,86.75134447,91.2408176,1.501187788,0.977577772,1.015446231,93.32169495,76.025774,94.89430237,85.31687164,-1.840846261940665,12.1766668955485,3.05547043023804,2.79896575481379,73.4,54.0200004577637,48.295000076294,48.7400016784668,12.2671897497468,0,1,0,2,0
74,Géorgie,1.56948726,1.497497338,44.16414472,104.067998,51.7991004,97.78185415,1.146273155,1.022446316,1.031437857,104.9959221,100.3819767,99.72294362,99.53426615,-1.35505841569673,15.5131578947368,5.58863823783156,6.10184512426121,37.8055555555556,40.9490911310369,55.2878948010896,37.9873685334858,14.7863206731016,2,1,0,2,0
75,Haïti,7.781352671,3.996940017,28.107104065,102.8845632,59.5749357,86.16828346,1.171020031,0.987593896,1.003102783,95.08778327,82.763300195,78.98576609,56.37342326,-1.840846261940665,15.4499998092651,1.97053989604548,0.44828866929209,41.1,54.8400001525879,45.4250011444092,36.0699996948242,11.6861520651811,2,1,0,2,0
76,Honduras,37.04248683,14.457012,19.99013727,98.31213188,36.36828899,58.78645547,1.271617283,0.996649999,1.20633165,81.26416133,43.76324626,94.83171158,85.55957336,-1.94575429548394,4.85684209120901,3.91229632633667,1.7805660991258,54.3777777777778,59.9780001322428,58.8900001927426,52.1988889906142,19.5269052614808,3,0,4,2,0
77,Hongrie,2.482883331,2.626368344,56.72898123,99.86065377,84.65214157,99.52952321,1.250331124,0.989176661,0.995133334,97.56786219,93.15051778,98.80000305,99.09999847,-4.56175629011626,7.21894736039011,2.55928213841397,2.79753349212591,29.8857142857143,25.8589473523592,48.2315782245837,28.7063154923288,21.1038598014742,0,1,3,2,0
78,Inde,14.87672043,6.838335991,18.92460954,106.6770523,61.32182312,62.69511795,0.84433706,1.037551987,0.922464741,90.39920743,74.76541762,83.84136963,66.86114597,-3.33129531220207,3.63000001907349,6.61016535983522,5.17739276779844,35.1666666666667,52.1739997863769,49.9720001220703,34.6083329518636,33.0141681981185,3,1,4,2,0
79,Indonésie,19.93356965,4.801787643,24.54253191,107.9136128,43.04896186,73.37165875,0.966582947,0.98334333,1.001225005,98.0154892,80.33098297,99.08828057,93.48029497,-1.65331487597347,5.67578955700523,5.27876437761613,3.92200426688523,36.0,63.2242108395225,62.6352631418329,48.1242101568925,28.3119890185616,2,1,1,2,0
80,Iran. République islamique d’,7.487271249,2.374399328,42.1387126,104.0845687,41.43512261,81.35213336,0.997007633,0.991678823,0.948506464,98.20686442,85.29825869,97.68251147,82.90463829,2.59801956979823,11.6635293960571,2.48347067432524,1.23064544848788,40.875,47.4300003051758,38.0290000915527,27.1940001487732,20.8965587127466,2,1,1,2,0
81,Iraq,35.1147836,6.609170119,15.00170994,106.344457,5.352793376,45.4993372,0.576679985,0.844673336,0.686597496,73.30675888,48.52713966,87.50000153,80.19999847,-0.403432939797338,10.2079999923706,5.22232309312995,2.41479836824087,29.05,43.7700004577637,37.8280006408691,29.7959999084473,30.8223493197607,1,0,2,2,0
82,Irlande,1.064008242,0.097192223,64.42219247,102.3237724,102.7788969,115.7534777,1.1337,0.995495005,1.062060598,96.97266388,98.90663576,98.002902985,91.78500279,-4.17771960797815,8.24105251462835,4.76147218132843,3.33223862722361,32.6357142857143,38.0868420851858,57.0142101488615,52.2284210606625,24.847233688548,0,1,3,2,0
83,Islande,2.006354979,1.357842789,71.8384783,98.91119046,95.58207236,112.5094193,1.446746667,0.994576663,1.024491108,100.2234281,98.7234336,98.002902985,91.78500279,1.65567676577218,4.07736844138095,3.08752583366635,1.72316975754763,27.9846153846154,74.4768423783152,78.5531572040759,77.8863155967311,15.2432375125712,0,1,3,2,0
84,Israël,0.061662499,0.127454999,62.02546353,105.405621,103.2020607,104.6194513,1.253900548,1.004593339,1.008213888,104.777311,101.0842415,98.002902985,91.78500279,-3.34272556042749,8.23947368170086,3.24805359284324,1.28921523184382,40.6285714285714,31.9244439866808,57.8957896985506,51.7868423461914,23.129389499548,0,1,3,2,0
85,Italie,0.539187219,0.859746661,62.61352009,102.2699237,99.11776691,100.7900217,1.275383883,0.987775564,0.989065558,101.7787836,101.5412966,99.86725871,98.80688731,-2.82191527545179,9.37736829958464,0.223194326485141,-0.075251968486948,34.5533333333333,36.230000144557,44.4463155646073,29.9305261310778,19.5845074330091,0,1,3,2,0
86,Jamaïque,15.0419842,11.46725798,23.01042762,92.40331607,82.77605438,86.80334248,1.535798894,0.995111108,1.053766461,85.4411974,91.53632296,96.30000305,88.09999847,-3.80658699620364,12.0778946876526,0.799738820250308,0.244493884630165,46.9,52.1739997863769,56.1393333435059,36.6961537874662,15.6292211771957,0,1,0,2,0
87,Japon,7.781352671,3.996940017,28.107104065,102.8845632,59.5749357,86.16828346,1.171020031,0.987593896,1.003102783,95.08778327,82.763300195,98.002902985,91.78500279,-1.840846261940665,4.08000001154448,0.806371273685222,0.830728416591237,33.2666666666667,52.1739997863769,57.8689474808543,44.5663159019069,26.7096108475259,2,1,0,2,0
88,Jordanie,19.90134438,15.1552187,36.59156736,86.34138584,28.20904126,77.25088552,1.106354666,0.99443749,1.032542014,84.40457317,74.9157439,99.05968802,93.97079577,-3.86069470568383,14.2044443554348,4.4419577097495,0.78502071244156,34.3,40.2533327738444,33.1499999551212,27.0666669209798,18.1852392506703,2,1,1,2,0
89,Kazakhstan,0.39178923,0.415461581,51.17031514,106.5123006,43.41584516,106.8398021,1.212319992,1.00294579,1.013625459,105.908634,102.4094106,99.87641144,99.76522319,1.32945016136879,6.54999998996132,6.35263157890605,5.15606661550573,30.1705882352941,52.1739997863769,66.1805557674832,49.5200004577637,28.5955849466974,2,1,0,2,0
90,Kenya,4.413384996,18.35480375,5.935167521,100.8604478,53.29492129,47.69575289,0.637218751,0.976419999,0.928585569,93.85761108,77.96670024,85.58203379,77.47501373,-7.55952748137807,7.44000013669332,4.92278868256993,2.21148677579434,43.65,69.0049991607667,61.4366658528646,40.9466667175293,11.8423450232235,3,0,4,2,0
91,Kiribati,7.781352671,2.39508,28.107104065,109.9808772,58.79436493,86.16828346,1.171020031,1.028617675,1.166843757,114.589917,98.0658226,98.002902985,91.78500279,25.1518341452549,18.1866664886475,2.01243167161607,0.250846800340793,37.0,41.1599998474121,34.2100009918213,31.9933325449626,36.8659499739144,2,1,0,2,0
92,Koweït,5.392860055,3.39782998,40.90829411,100.7204935,74.3688185,98.90863637,1.537639987,1.040678947,1.045130721,97.47239522,93.99651432,98.97540207,94.74649429,-1.840846261940665,1.70153848483012,3.49092331154151,-0.325609568890762,76.3,52.1739997863769,72.3680004119873,29.824999332428,46.6512734325455,0,1,0,2,0
93,Lesotho,12.98843879,12.74071123,7.136958144,121.5236794,35.10014707,48.8566761,1.298134555,0.973192341,1.323354104,77.73941064,37.576806,84.91330719,76.21770096,-0.152751012584106,30.0199995040894,3.00380149970484,2.76688957933054,48.25,52.1739997863769,39.1850004196167,35.3766663869222,29.5983683020508,1,0,2,2,0
94,Lettonie,1.079113639,1.293936374,73.61280568,102.3239454,86.07509401,104.7567448,1.391974443,0.983725551,0.99191166,100.6599062,99.08024851,99.82771301,99.89260483,-2.56021673084824,11.3257894515991,3.73154436951589,4.89381733122841,35.8857142857143,35.9347369545384,52.6363157975047,39.383684258712,22.6220863303015,0,1,3,2,0
95,Liban,7.781352671,3.996940017,28.107104065,102.8845632,59.5749357,86.16828346,1.171020031,0.987593896,1.003102783,95.08778327,82.763300195,99.23665365,91.95535787,-9.76010158591784,8.63249993324279,3.24407325936052,0.171912282556737,31.8,48.4199981689453,41.103333791097,33.5733331044515,1.59142363459035,2,1,0,2,0
96,Libye,7.781352671,3.996940017,57.59942627,104.4487902,8.204269886,100.4521217,1.081863364,0.984156658,1.124374986,95.08778327,82.763300195,99.59999847,86.09999847,-1.840846261940665,19.0300006866455,5.39651493212255,4.10367834052979,65.9,52.1739997863769,38.6599998474121,17.6900005340576,54.4391091441437,2,1,1,2,0
97,Libéria,21.28734016,28.11183023,10.72686005,95.72092533,144.3583069,40.944163,0.576759994,0.929475002,0.785159985,63.18110339,40.516362,52.23640442,45.62121964,-1.840846261940665,5.80600004196167,2.4198716963993,-0.533446584026647,35.0,76.9839996337891,66.6966654459636,50.9180000305175,-36.6979184675889,3,0,4,1,-1
98,Liechtenstein,5.568125804,1.198048564,33.6451739,105.8015025,100.0176503,110.9584895,0.497563332,0.987077324,0.843305333,101.2444697,94.69377019,98.002902985,91.78500279,-1.840846261940665,2.03000002247947,1.86824541971582,1.03816771919356,39.4666666666667,52.1739997863769,60.019411872415,53.1500002543131,20.8965587127466,0,1,3,2,0
99,Lituanie,0.21236,0.150028888,75.88699955,102.1440125,75.61571672,105.8562567,1.329065555,0.992135555,0.977819999,101.4816653,99.66821081,99.7787323,99.73067474,-2.18274769318533,10.3610526637027,4.21924561698319,5.47713919004336,35.8357142857143,17.1452629691676,52.2252628928737,31.0652633466219,17.8370783692326,0,1,3,2,0
100,Luxembourg,6.384781206,2.342708849,15.45202611,99.72688967,88.73887051,99.56448275,1.103084993,1.000578828,1.037471168,81.61906687,100.4965731,98.002902985,91.78500279,1.32919346493313,4.86578947619388,2.82910878238781,0.947950577808117,31.92,38.0489475852565,54.5894739251388,29.7157893933748,25.0346734514051,0,1,0,2,0
101,Macédoine du Nord,7.158329964,5.801898789,34.77293861,92.26771736,31.12092433,81.34438934,1.219433129,0.98768625,0.970048662,92.21985572,89.29535206,98.67134857,96.96446609,-2.09701232611819,30.1094734794215,2.76072448460449,2.63391694901536,37.3555555555555,35.8971429552351,38.3331581918817,34.0852942747228,23.0570243112084,2,1,1,2,0
102,Madagascar,34.0452652,17.95870366,3.652857794,136.3567454,17.41099942,33.12543796,0.89862444,0.979948335,0.975883842,60.43513128,27.30246077,70.1495924,67.44844723,-1.72218362562629,3.27500003576279,3.08083916360583,0.209908589910803,43.075,92.4850006103516,84.0799995422363,76.4074993133545,14.6947447657565,1,0,2,1,-1
103,Malaisie,9.595647587,2.217385297,35.89352005,100.6912662,77.24854363,80.85896783,1.227327899,1.005924691,1.084927364,99.69326782,85.6598069,97.53901672,94.483881,-3.94259323808157,3.33368420600891,4.85968695161955,3.10842150055734,43.9833333333333,68.0299975077311,63.0252627322548,43.589999516805,32.7654400691235,0,1,0,2,0
104,Malawi,20.53917452,2.332838376,0.535183334,139.3518995,83.58056641,34.65806272,0.524851433,1.011192766,0.854918331,68.80390848,19.54218102,73.71902466,62.86620967,-3.67484295442941,11.8533332943916,4.35394630407077,1.57011209733861,43.3666666666667,70.1766662597656,69.2200012207031,65.0450010299682,9.7780161671227,3,0,4,1,-1
105,Maldives,8.540950298,1.342106684,13.09240209,111.3652458,82.25776863,70.6833547,1.520600033,0.988367136,1.075231691,109.5168635,100.5069002,99.10767873,98.24765778,-6.25745518479279,7.67666657765705,5.81943938914725,2.30635890740166,37.0,53.5100002288818,49.8249998092652,47.4833323160807,20.8314050915945,0,1,0,2,0
106,Mali,49.64703454,38.94480264,5.207467985,76.18908988,3.441748198,35.59912631,0.436580002,0.834045291,0.693929994,48.69315226,29.78589786,44.94286804,30.07293828,-0.772306015089685,6.62899997234345,5.12258452351043,1.93349198532816,37.2666666666667,55.6749998728434,58.7909089435231,55.6900007459852,14.7690467906151,1,0,2,1,0
107,Malte,0.960034268,0.577807148,38.29705291,102.4834362,107.3559765,97.69470843,1.265934997,1.00039,0.989656473,100.5358959,97.63369793,98.81589508,93.39121246,-4.68768758294916,6.01368422257273,3.8849444893341,2.49749918809329,29.1166666666667,43.3521057932,49.7315792284514,54.4326318439685,20.2632772726211,0,1,3,2,0
108,Maroc,21.7855111,8.155347688,19.6229614,108.2511432,56.02027724,59.77822495,0.899493685,0.932080002,0.862277329,84.79439244,56.69315698,83.04254532,62.29956818,-3.52338317606293,10.015625,4.23770443467768,2.9039883491245,40.1,54.6849994659424,43.4850001335144,37.780625462532,29.9997824170425,3,0,4,2,0
109,Maurice,6.964276135,1.223074737,29.4365889,102.3871665,100.8580981,90.71549867,1.139462937,1.007741047,1.02581474,98.09665439,82.22358623,98.58618927,91.73878152,-1.94553833531839,7.58631578244661,3.85923716777582,3.50849315503303,37.0,56.8661115434435,54.629474037572,45.8400003533614,19.423963690647,0,1,3,2,0
110,Mauritanie,44.56586377,26.78899945,4.268851691,95.9016033,4.755603433,26.29918766,0.40771765,1.036400008,0.89148834,61.77144564,24.94266294,60.03512001,49.50068474,-1.840846261940665,10.0999999046326,3.93735122066471,1.01037058507735,36.1666666666667,36.9349994659424,38.0549983978271,22.6100006103516,29.718793673729,1,0,2,1,0
111,Mexique,6.13372525,0.302758338,28.65640937,108.6257998,86.60898972,89.09547212,0.97793944,0.988623881,1.062059999,102.3256378,85.50793053,98.47524166,93.2985301,-3.02488149498247,4.02368421303599,1.93050006255177,0.573969498243913,48.53,57.9561110602485,57.2705260828922,46.5521055522718,22.2373519347106,0,1,0,2,0
112,Micronésie. États fédérés de,12.75940037,11.06342745,28.107104065,104.2206791,29.68947728,82.72108459,1.171020031,0.976194288,1.073194981,89.75482559,79.45204926,98.002902985,91.78500279,7.23095545131033,8.85999965667725,0.334850041601638,0.07171806018782,41.25,56.0299987792969,51.8499984741211,40.75,20.8965587127466,2,1,1,2,0
113,Moldova,11.02930104,6.623471517,38.3951158,94.63427895,73.25147468,86.8954006,1.258363686,0.991581575,1.019830004,92.96636521,85.21735221,99.55640539,98.92868932,-0.902563643914538,5.83684208518581,4.63238579711155,5.15898494870371,31.6388888888889,33.381000328064,42.7273682042172,22.489473543669,19.0742583390068,2,1,0,2,0
114,Mongolie,10.73004764,3.253656639,52.39956135,106.6246779,64.77430142,85.9489212,1.347259992,0.987593896,1.128501236,96.74017249,89.11314461,98.54512405,98.34006119,-1.65094651125445,5.98266668319702,7.14769912538517,5.48709083635499,33.3125,51.6400000254313,55.2156248092651,33.9893751144409,27.7298232170713,2,1,0,2,0
115,Monténégro,4.714854002,2.188928335,37.20758506,106.5634318,43.65923321,93.67163595,1.274095714,1.005151339,1.031206648,91.77701133,92.53856223,99.24403127,98.35428365,-1.840846261940665,18.8828569820949,3.14031850470315,2.98943209676745,39.5,21.1444443596734,43.0807694655198,30.3854545246471,5.99259092946968,2,1,1,2,0
116,Mozambique,40.58234188,15.96713066,4.036113908,105.1724154,59.5749357,22.07905547,0.620613335,0.876632777,0.780197334,45.94171569,17.78933338,67.62002182,53.8592701,-1.76537655017267,3.4300000667572,6.81238771143234,3.82478007120373,48.8666666666667,70.3300018310547,76.3399963378906,62.5499992370605,12.2418888926882,1,0,2,1,-1
117,Myanmar,41.55977774,8.829910012,13.61637402,101.1470468,6.884667516,49.07031849,1.245960027,0.980858468,0.998635379,83.20551453,44.83186311,84.75115967,75.55120087,-2.17498799338243,0.924999982118606,9.36746221238709,8.5305464229451,34.4,65.605001449585,61.1675004959106,51.1999998092652,28.0531689284031,1,0,2,2,0
118,Namibie,10.91281578,6.352850633,12.68918514,116.6374975,32.45233563,63.76673072,1.180578011,0.971639995,1.110184278,89.12041346,63.31222963,92.2760334,85.30818558,-2.07718235896216,20.2485716683524,3.76405544535555,1.9831234338308,61.1333333333333,58.2759994506836,44.1500002543131,34.0687503814697,20.6808926931775,2,0,1,2,0
119,Nauru,7.819304883,7.345650196,28.107104065,109.305488,78.91690584,63.96885872,1.171020031,0.941289177,1.029475818,110.5010999,57.29370594,98.002902985,91.78500279,9.87133892443982,19.6666663487752,7.45277691355078,5.59999644612671,39.4666666666667,76.7300033569336,59.5699996948242,64.3400001525878,20.8965587127466,3,1,4,2,-1
120,Nicaragua,23.14477444,3.403653786,17.42374039,118.3897222,44.29368125,67.01238537,1.100020051,0.994507783,1.164829999,77.36701457,57.11553001,88.2678477,79.09822083,-0.933709358013039,5.49999992549419,3.06812753487765,1.69057355543688,47.95,63.6549997329712,59.9258330663045,55.1175003051758,16.9627240706227,3,0,4,2,0
121,Niger,78.50899506,48.92962668,2.060485979,58.31925901,4.383134716,13.32004575,0.411835998,0.782533328,0.664237054,39.76267695,10.6260832,34.89642477,27.16471267,-1.840846261940665,2.55999999245008,5.39398924540017,1.46735581775635,36.875,58.029998143514,56.9250005086263,47.813333829244,20.0945923665201,1,0,2,1,0
122,Nigéria,7.781352671,32.33571815,9.976506042,93.17750804,38.63716234,39.6743468,0.706678009,0.893994673,0.851396664,78.95146942,36.99955622,72.2751236,59.51629925,-1.840846261940665,5.75999999046326,5.69645575325902,2.96917166147863,39.4,47.9349994659424,60.6671425955636,30.6775002479553,26.7631767118299,1,0,2,1,-1
123,Norvège,0.77360833,0.413194445,76.5329823,99.66059282,92.42656284,113.7058525,1.34715165,1.001411666,0.988609996,100.0729345,99.34813478,98.002902985,91.78500279,11.3888326610554,3.65999999799226,1.59819132103754,0.670294882113542,27.2933333333333,52.4694731862922,67.3678948251825,58.3963157252262,36.5849802728042,0,1,3,2,0
124,Nouvelle-Zélande,2.094538371,1.309522003,80.43235143,99.29465273,92.04285431,117.0345815,1.305373351,1.000477231,1.059150584,95.08778327,82.763300195,98.002902985,91.78500279,0.875900594636224,5.04421048415335,2.81964244251971,1.51275825592194,39.4666666666667,52.1739997863769,64.8510533383018,61.7684207715486,19.1901797220761,0,1,3,2,0
125,Népal,5.133520047,5.7698089,10.84780616,133.2241978,61.51147792,57.35964899,0.689994662,0.995511115,0.925415884,93.16618129,72.58660214,82.40152486,58.71488444,-1.05616380197032,5.26333320140837,4.38975469033988,3.41683328408817,38.3,64.5449981689453,73.2360008239746,65.0533320109049,36.8301277371331,3,0,4,1,-1
126,Oman,6.185859958,4.491983071,28.02419806,100.5914904,52.05237929,96.33231354,1.296166662,1.01710999,0.964866877,97.55338933,96.02961379,98.36084461,90.75884724,-1.840846261940665,3.0699999332428,3.09491737365679,-1.08421569317395,39.4666666666667,52.1739997863769,61.6549987792969,37.7700004577636,28.3716170410348,2,1,0,2,0
127,Ouganda,7.781352671,5.687445045,3.91194543,120.2586403,12.17788008,22.00545979,0.68025181,0.998511884,0.789520025,58.72361272,24.02915484,85.06416626,71.89064941,-2.5910772355046,3.92857132639204,6.44951129717891,2.9963031474898,43.22,67.4599990844726,64.2816677093506,58.0574989318848,19.7271749120728,1,0,2,1,0
128,Ouzbékistan,5.09653693,3.229496135,10.37984256,97.8255041,26.34496729,92.1424031,0.692459477,0.990307366,0.987059996,97.18277178,94.44220212,99.99997253,99.98774109,4.09304067102481,4.03578946700222,6.7004625884702,4.97764305580455,34.15,52.1739997863769,57.4752933277803,41.493860018880696,34.6423247593454,2,1,1,2,0
129,Pakistan,7.781352671,3.996940017,7.174493297,82.49754333,64.45081284,34.4192957,0.88403,0.815563682,0.787072143,63.13453557,41.7203707,70.53605929,55.01476635,-1.840846261940665,3.49800000190735,4.24952600004098,1.972216080668,31.5125,52.571000289917,49.8433329264323,41.336667060852,16.4123386604993,3,0,4,1,1
130,Palaos,7.781352671,3.996940017,43.62385686,114.4919336,78.54262238,99.54404776,1.453543305,0.918813348,1.072190007,105.6480433,99.86008835,99.25140762,98.04843521,1.93999020072442,2.76999992132186,1.13920888294004,1.44234509551403,39.4666666666667,50.1199989318848,63.5299987792969,30.4350004196167,17.9714628093638,0,1,3,2,0
131,Panama,13.73264063,4.216143276,43.59463043,103.8856569,58.34676608,71.46856079,1.373449326,0.969974118,1.066970007,95.08778327,64.98220634,98.36880875,94.75296402,-1.840846261940665,6.56842098738018,6.07008561865497,4.2034700259442,52.5666666666667,55.7541666030884,58.6384213096217,45.5555555555556,25.4430233175697,2,1,0,2,0
132,Papouasie-Nouvelle-Guinée,14.35743999,7.330830097,28.107104065,67.19897588,65.66247559,43.08305359,1.171020031,0.867193341,0.739879996,61.50545578,61.08811569,67.90000153,61.59999847,-3.70769560281213,2.30999994277954,4.48232127182296,2.27302707358321,41.9,45.5800018310547,47.3800010681152,37.2700004577637,28.0423156468048,3,0,4,1,1
133,Paraguay,13.4806416,6.292644163,28.19001007,108.2433694,36.8201693,67.31430372,1.266499996,0.973599166,1.045830826,92.48231951,73.5511974,98.37153625,94.25475173,0.136896519051346,5.45157904373972,3.67326911024262,2.15790878989202,50.9055555555556,65.6570587158203,65.5873688145688,58.428947649504,22.5527623456377,2,1,1,2,0
134,Pays-Bas,1.187141998,0.676094994,66.94456649,106.5439768,92.41957188,124.7194004,1.094345003,0.988593746,0.989251882,95.08778327,82.763300195,98.002902985,91.78500279,-1.14550959757654,4.80578947067261,1.40683594585175,0.956427368429245,28.6,46.9921051828485,61.4394736039011,69.6584207635177,28.0793504241304,0,1,3,2,0
135,Philippines,8.287608403,7.448965771,30.51164804,107.4310428,54.14182583,83.10646657,1.197886433,0.982578571,1.101606429,97.09924889,75.88374964,97.49974251,95.64783478,-2.58528343067156,3.35222220420837,5.52587730288687,3.72911139891621,46.2,64.0300009591239,59.1015793649774,41.6510529769094,36.0256120144453,2,1,0,2,0
136,Pologne,4.889953891,4.660901234,66.99701055,96.99035358,64.88016677,102.1631847,1.322739455,0.994759995,0.981174439,96.60284199,95.757444,99.79682922,98.74273682,-3.51553564485915,10.9231579554708,3.78621097273656,3.82749200792394,33.3857142857143,21.2363160785876,49.4089471917403,34.7252628928737,17.4883429470965,0,1,0,2,0
137,Porto Rico,13.76808875,15.27255762,90.76916088,90.06326124,90.52340031,86.11000485,1.328974561,1.018688891,1.069277777,74.3670578,85.56973267,95.61200714,92.17761612,-1.840846261940665,12.2000000100387,-0.170194981910936,0.748762674498287,39.4666666666667,52.1739997863769,35.3399993896485,32.7720001220703,20.8965587127466,0,1,3,2,-1
138,Portugal,0.480234447,0.49493917,60.8732516,113.1807751,85.62744437,108.7667338,1.177117778,0.961557779,1.032981654,99.57019043,94.89417267,99.33279928,93.68479665,-4.8357461566332,9.25421057249371,0.733701723762606,0.743951562680396,36.46,59.1378946806255,54.9952631498638,38.7178945039448,15.0187946107627,0,1,3,2,0
139,Pérou,3.913088478,0.780144289,41.60311532,109.3332973,78.11016464,92.50624566,1.053543761,0.995336322,0.98441842,98.3254527,86.6109498,98.26426926,91.83122406,-0.526936629307634,4.07052632382042,4.87552129162483,3.74994030082213,47.1055555555556,75.8033332824707,73.5626309043483,65.9578947769968,20.529012592093,0,1,0,2,0
140,Qatar,6.601963537,2.744730579,14.57602109,103.6486045,48.62970072,97.14454433,1.805377897,1.000197357,0.991318558,96.69030489,94.49872589,94.14144135,90.98517054,-1.840846261940665,0.430714285799435,9.06344673790898,0.273338931535616,39.4666666666667,90.5999984741211,86.3800005231585,65.7323080209585,51.6339304269824,2,1,0,2,0
141,Roumanie,6.36391355,4.893844351,49.70405865,98.73470211,79.41696379,89.82873069,1.221900006,0.985336874,1.004072232,95.19353867,89.03523042,98.72879028,98.24879201,-3.10444777639033,6.49526311221876,4.12840431077952,4.9483388994299,36.35,36.2847368340743,51.7436840659694,31.6400000923558,19.9343501852813,0,1,0,2,0
142,Royaume-Uni,1.502005297,0.724613336,58.97953542,103.3334948,84.32047272,107.0727804,1.252788345,0.999234441,1.021878825,100.9033432,101.1445999,98.002902985,91.78500279,-4.06612029283502,5.64105263509249,1.76386130496131,1.08929653678663,34.1615384615385,61.7421051828485,58.962631627133,59.625789642334,13.8451118811212,0,1,3,2,0
143,Rwanda,13.97946684,7.845528364,5.243561588,137.0942102,16.71408241,28.5857829,0.726078673,1.011345794,1.001845793,62.09213816,36.97836849,82.80859566,69.55075645,-2.73369921556097,9.96600008010865,7.71621079020866,5.11246661844205,47.0,58.3424997329712,58.1059997558594,45.1374988555908,13.3590310810342,1,0,2,1,0
144,Région administrative spéciale de Macao. Chine,12.58348007,10.1454784,64.2051765,99.08428875,89.53785505,90.83371935,0.95405737,0.969315253,0.978905781,95.04002581,86.98796804,99.68735313,94.24341202,14.2045355622998,3.24210524559021,7.64524741555798,5.36858051134251,39.4666666666667,67.1814280918666,67.2571424756731,44.2174999713898,51.5794177355714,0,1,3,2,0
145,République arabe syrienne,18.02167008,3.635627237,25.97424246,115.1747706,9.265926985,65.73244711,0.945634003,0.962749229,0.970617693,102.1977316,60.27556053,93.82131958,81.86638641,-1.840846261940665,9.73374998569489,5.07156325831917,2.23258776416073,35.8,52.1739997863769,42.2737498283386,38.4528571537563,23.9624685389679,2,0,1,2,0
146,République centrafricaine,56.54204686,40.39248848,2.362079978,77.3128665,3.416088745,14.97688157,0.355438,0.71607692,0.583210001,34.65506978,10.08194232,37.31245995,37.07421494,-1.57286723362947,6.880263108956185,1.44998032531198,0.025148934506088,49.9,52.1739997863769,57.1549996827778,41.493860018880696,20.8965587127466,1,0,2,1,0
147,République dominicaine,5.961018719,7.454706086,49.70137978,110.0782064,41.5427901,77.69504976,1.408439994,0.931239992,1.133062489,93.49509939,79.56343126,96.94339328,90.38142141,-1.81785848588728,6.31263163215236,4.9872095483491,3.68588034694989,47.8722222222222,54.8968423542224,55.2889470552143,42.0289467259457,21.3265384980554,2,1,1,2,0
148,République démocratique populaire lao,25.34864355,11.6758099,12.95050307,113.1207954,22.76146989,50.68449683,0.801737368,0.910997375,0.829272104,85.06880308,50.43407902,81.72698021,71.09640884,-1.840846261940665,3.82333328326543,7.10844188409949,5.44331765396043,34.8,67.8949985504151,68.2650003433228,62.1766668955485,13.5566336393713,1,0,2,2,0
149,République kirghize,7.213139892,2.607627364,43.43641663,101.4088095,21.92250688,89.3482471,1.203500541,0.989407373,1.006455001,98.68316931,90.08855519,99.75092316,99.41471481,-1.22765291772035,8.22944450378418,4.4038054947586,2.89731898157565,30.0555555555556,30.7466659545898,58.173999786377,44.5976920494667,17.0472624122078,2,1,1,2,0
150,République slovaque,4.12916119,5.220348318,46.89601209,100.1906768,91.74541389,91.2195905,1.292472217,0.991429998,1.010677232,95.67624876,82.89714101,98.002902985,91.78500279,-3.78931638052596,13.0031579168219,3.92679552401375,3.86207139659009,26.6076923076923,19.4921051828485,51.7721047652395,34.259473901046,22.4649252328377,0,1,0,2,0
151,République tchèque,1.207601006,0.402576675,55.49682607,101.0524178,105.7140198,98.2423651,1.219235003,0.995471653,1.013184435,99.52980169,93.99757744,99.78588104,99.8330307,-2.47149865008668,5.91473684812847,2.85348531494301,2.64007324564766,26.26,21.7631579951236,55.7815786662855,32.8563157131797,25.811904555271,0,1,3,2,0
152,Saint-Kitts-et-Nevis,4.838319923,1.751255457,63.91531181,109.6990128,115.7314377,103.6388967,1.353676677,0.999673998,1.074263326,106.7160365,112.0864207,98.002902985,91.78500279,0.991605627946284,5.11999988555908,2.13717641066576,1.167874567348,39.4666666666667,52.1739997863769,65.2600021362305,41.493860018880696,20.8965587127466,0,1,3,2,0
153,Saint-Marin,2.006075054,5.536185026,52.76501211,108.2296391,115.8360748,85.56932831,1.130881667,1.049124292,1.002981416,109.8111219,99.81952572,100.0,99.91642761,2.93282785445563,4.97272726622495,0.075894058585848,-1.06622865052756,39.4666666666667,91.0849990844727,92.7350006103515,36.1500015258789,20.8965587127466,0,1,3,2,-1
154,Saint-Vincent-et-les Grenadines,4.611503456,0.84430714,24.01060009,112.0487222,94.81073666,101.2421372,1.475310028,0.96376411,1.063605295,99.91997655,91.91710822,98.002902985,91.78500279,-1.98894570074245,19.9450006484985,2.12756947174125,1.9890958351555,39.4666666666667,52.1739997863769,51.0499992370606,50.9050006866455,20.8965587127466,0,1,3,2,0
155,Sainte-Lucie,15.59753471,3.163739959,14.48870862,102.8698146,73.45482937,85.75205833,1.560379378,0.966732497,1.062574205,100.9955414,85.86533535,98.002902985,91.78500279,-2.4696515285146,18.122857093811,1.79434970666605,0.973155406979885,51.2,83.5733337402344,55.0569226191594,58.0062499046325,20.8965587127466,0,1,0,2,0
156,Samoa,8.453519791,1.120628192,14.16340494,107.9660761,40.760138,86.47780664,1.526109993,1.002450585,1.130624984,104.7994901,103.386918,99.17956924,99.03451538,-6.02101758770169,7.31166672706604,2.32551621903356,1.67196782461917,40.4666666666667,30.2049989700317,37.8550002574921,28.7350006103515,20.8965587127466,2,1,1,2,0
157,Sao Tomé-et-Principe,16.13416319,7.434751699,7.930175972,114.8826248,37.84415398,58.31788554,0.933720005,0.970592662,1.10143286,77.83615318,47.84699093,92.53489304,84.35116005,-1.840846261940665,16.0785713195801,4.70038478761339,2.42061305744192,43.55,52.1739997863769,29.2299995422363,41.493860018880696,20.8965587127466,3,0,1,2,0
158,Serbie,1.278661687,1.893984025,51.68304785,100.7045099,56.45474424,92.09786787,1.235823173,0.999035788,1.023301043,99.76777649,96.92977553,99.4617691,97.73371887,-2.25471874816595,17.2094735095375,3.47657744030421,3.90589210444661,39.2333333333333,39.1691665649414,41.9933331807455,30.3857138497489,14.1552694596534,2,1,0,2,0
159,Seychelles,2.256639997,2.036746641,11.35399429,105.7066301,98.73067595,77.20334424,1.581040012,1.022443166,1.079564731,107.4803242,106.5348816,99.03536987,93.88613129,2.49411965733538,4.62000007099575,3.38701407715155,2.38453583983389,46.8,30.3400001525879,66.0349998474121,54.9299998283386,15.6537755441888,0,1,3,2,0
160,Sierra Leone,42.52392006,1.612369943,1.987585068,115.19438,10.47327656,38.42145157,0.412894994,0.972526689,0.85395429,70.28684574,48.22817718,57.19944509,36.81976318,-1.840846261940665,4.04999995231629,5.89968287734495,2.95554057600071,36.6333333333333,47.939998626709,61.2433344523112,36.8579998016357,3.82511687361235,1,0,2,1,0
161,Singapour,0.230076658,0.081846666,85.87344615,100.554011,59.5749357,107.0926361,1.135283351,0.998883327,0.991066655,99.65644582,103.8816172,99.87828827,96.67777761,6.26243247405589,4.49235294846927,4.91668130318407,3.02322444715516,75.7,94.7399978637695,63.0516666836209,38.2624998092651,44.6737127402396,0,1,3,2,-1
162,Sint Maarten (Dutch part),11.71942043,3.996940017,6.117533525,124.252758,161.9977913,96.42665863,1.659880002,1.013475001,0.991394967,107.54599,41.56521988,98.002902985,91.78500279,-1.840846261940665,6.880263108956185,0.064184023143663,-1.80191909606983,39.4666666666667,52.1739997863769,57.1549996827778,41.493860018880696,20.4473341641934,0,1,3,2,-1
163,Slovénie,1.880104452,0.865355,79.44264306,100.8963504,85.41234801,104.7147713,1.311355001,0.999154442,1.004105008,98.02082716,97.37812478,99.80000305,99.69999695,-3.03921710694453,6.77368425068102,2.39980974816075,2.14135118400944,24.8857142857143,31.7994733107717,54.3342102452328,37.6047373319927,24.9110539526126,0,1,3,2,0
164,Somalie,7.781352671,3.996940017,28.107104065,23.36354065,59.5749357,5.932350159,1.171020031,0.553160012,0.460770011,95.08778327,82.763300195,98.002902985,91.78500279,1.02742541068221e-05,6.880263108956185,3.45417419607163,1.9831234338308,39.4666666666667,52.1739997863769,57.1549996827778,41.493860018880696,20.8965587127466,3,0,4,1,-1
165,Soudan,55.23482895,42.26805551,13.79417006,68.74714683,32.1069143,40.15486841,1.110481334,0.883527062,0.924067055,59.39711271,52.01566315,69.40267563,57.10728073,-2.44519203899991,15.0800002415975,4.17594689338614,3.04243003553195,34.8,45.1500015258789,41.2099990844727,32.9549989700318,22.2585898599815,1,0,2,1,0
166,Soudan du Sud,51.17891121,58.93109512,28.107104065,81.52029419,8.678955078,10.34930468,1.171020031,0.684944987,0.524255008,27.43708992,18.0030098,42.30161858,30.67701912,-1.840846261940665,12.1499996185303,-4.92533797777701,-7.68061458170649,46.3,52.1739997863769,65.1800003051758,64.4800033569336,8.39514516648046,1,0,2,1,-1
167,Sri Lanka,4.62545836,2.72972833,18.51419506,100.4516924,66.12321726,98.68022047,1.356232011,0.987443341,1.037097148,100.2553287,94.96283976,97.93425751,91.31762368,-6.62289288122015,5.6631579148142,5.08339685673606,4.26251123440994,39.34,53.8066664801704,49.4494739331697,36.0969229478102,25.4873192192567,2,1,0,2,0
168,Suisse,0.616034997,0.332212857,51.22569211,103.6148211,99.88873291,97.24215249,0.942504449,0.996954991,0.955403528,96.53956434,95.90095403,98.002902985,91.78500279,0.215715691051562,4.22578950932151,1.78825701593379,0.845857641484649,32.7307692307692,50.2042107833059,64.9400008352179,67.8268424586246,34.4699735557618,0,1,3,2,0
169,Suriname,19.22063296,12.50913194,12.56145954,110.3664012,83.05510038,72.47383772,1.398390055,0.999877064,1.33048694,83.81901042,41.62999872,97.79753265,93.22933655,-1.840846261940665,7.74222225613064,2.99441326321466,1.85736171354083,83.2,63.8200016021729,56.4762496948242,32.8962500095367,51.4957455528736,3,1,4,2,-1
170,Suède,2.792457996,1.107239459,71.90663995,108.7563235,92.10316086,121.518976,1.353715552,1.014358332,1.071503341,100.920049,100.9124474,98.002902985,91.78500279,0.613741505771299,6.94526313480578,2.16879194683696,1.37803984746709,27.6533333333333,48.4084205627442,63.0110525833933,52.6473685816715,28.5260267555307,0,1,3,2,0
171,Sénégal,57.39470037,28.70947783,9.1069251,81.50370789,10.37886187,34.54422951,0.585302855,1.030128747,0.847828344,54.50176358,27.95091742,59.255078,46.075442,-3.46802241380017,6.80499994754791,4.64825088869858,1.88267134148477,40.2333333333333,45.9724998474121,49.0366662343343,38.046667098999,16.2293164770014,1,0,2,1,0
172,Tadjikistan,8.675465918,1.658681196,22.73685175,99.54395563,9.205453536,82.29250512,0.536790597,0.970582345,0.858114619,98.10234547,87.90024233,99.90000153,99.80000305,-3.77901699482752,3.81111113230387,7.64723222614508,5.37957556471057,32.66,27.6499996185303,38.5175006389618,37.3674998283386,18.0285187834397,2,1,1,2,0
173,Tanzanie,71.75247192,15.15233056,2.141146356,96.26677061,34.91372001,29.29601397,0.50805,1.009239997,0.989871417,71.93831488,20.27814608,81.16292763,73.30485535,-1.14375326928261,2.98714283534458,6.42872893174941,3.40322807154261,39.5333333333333,75.6920013427735,81.2740005493164,72.1940002441407,25.5729881711725,1,0,2,1,-1
174,Tchad,64.50932837,32.41804199,1.931996024,81.87903836,1.191606253,19.58288323,0.172072999,0.719393683,0.419705788,33.45704753,14.25198225,37.07904943,25.56532351,-1.840846261940665,1.12999999523163,6.90964585364781,3.31965383095542,41.55,55.8699989318848,59.2299995422363,38.5099983215332,20.8965587127466,1,0,2,1,0
175,Thaïlande,4.069694996,1.588887513,46.75089086,99.65686671,73.74938202,90.32117568,1.179069344,0.986721665,1.034243888,92.04129219,79.53500366,97.84923096,94.05510406,-0.468427246060853,1.06263157254771,3.95266392886953,3.40172869622444,38.8466666666667,71.0690002441406,69.7405271028218,46.7405558692084,29.5275786090434,0,1,0,2,0
176,Timor-Leste,17.92580994,7.451559206,14.38306713,119.8621741,18.08816661,63.66006694,0.843546669,0.95084714,1.026053561,91.30607224,74.29677925,81.53385544,53.64395237,83.9953402487092,6.31666652361553,4.52776072676093,2.46736512561591,30.8,41.2433325449625,45.9400000572204,27.9474992752075,161.547562913627,2,0,1,3,-1
177,Togo,32.81405099,7.55477706,10.64183319,121.5102515,10.17285005,46.309881,0.434154289,0.893597364,0.533897515,78.20658064,38.54469243,80.59123802,59.53432751,-2.22309480759791,3.52399997711182,3.88439616559614,1.21075284847388,43.7666666666667,75.4120002746582,64.3880004882813,52.129999923706,16.5463413388396,1,0,2,1,0
178,Tonga,7.0494138,1.256801426,5.365153313,111.6170731,36.3432374,103.2900113,1.401319981,0.972944001,1.035637498,107.3213058,94.15519206,99.43430074,99.27278646,0.849109739306896,3.11333326498667,1.63810926366213,1.29813792049967,37.6,39.7000007629395,41.75,24.4200000762939,14.0044068767464,2,1,1,2,0
179,Trinité-et-Tobago,11.73351955,2.362272176,8.966627479,102.5511687,80.48157883,85.51222992,1.314460009,0.97124556,1.071280003,92.86376762,84.86645031,99.59999847,98.69999695,-0.959354614351562,5.73312503099442,2.96049745580682,2.44193410303486,73.2,46.5385714939662,58.1068751811981,48.1153849088229,20.8965587127466,0,1,0,2,0
180,Tunisie,7.781352671,1.5095423,32.02417394,111.2635214,34.97317505,86.59545593,1.325078412,0.991469446,1.087258995,97.01673944,72.4704361,96.429633,78.17738342,-2.38003664206933,14.5966666009691,3.06290143031572,2.05904370572517,35.4333333333333,53.8049996693929,39.880833307902,31.3025002479553,16.4277563692408,2,1,1,2,0
181,Turkménistan,8.21819973,3.996940017,11.09727001,117.9140472,59.5749357,89.67060852,0.731454998,0.982060015,0.981660008,95.08778327,80.09899902,99.80000305,99.69999695,-1.840846261940665,4.0,8.31316134615883,6.76265670525589,63.0,52.1739997863769,57.1549996827778,41.493860018880696,20.8965587127466,2,1,0,2,0
182,Turquie,5.159689989,4.033763866,113.2170715,102.0500471,21.03912314,92.05210707,0.800473336,0.97107222,0.881171111,96.64510874,93.25458908,98.11352891,92.57604276,-1.54015213402242,10.1731578927291,4.83467575913461,3.31565236735854,40.7058823529412,48.6771422794887,44.1700003774543,39.6042107029965,23.8274770269559,2,1,1,2,-1
183,Tuvalu,21.77523022,10.09045744,28.107104065,102.7476522,94.42907969,66.65452321,1.171020031,0.985296369,1.165741672,99.88024063,78.69611359,98.002902985,91.78500279,-1.840846261940665,7.50999999046326,2.55253122800908,1.40089206447688,39.1,54.8199996948242,51.9950008392334,40.5299987792969,20.8965587127466,0,1,0,2,0
184,Ukraine,4.106933851,9.024893834,73.56026513,102.6231853,84.80438526,97.87716893,1.174785001,1.004150714,0.981576426,100.9408048,99.37209075,99.88731003,99.70238113,-2.37951547463004,8.38368435909874,2.43053201230151,3.27058174127494,26.4470588235294,27.5500007629395,57.5156254768372,36.8344442579481,20.1183334338081,0,1,3,2,0
185,Uruguay,6.133053445,0.447165714,51.04186194,111.8168725,85.4778968,105.5509135,1.462850034,0.975031114,1.127060826,100.8644736,71.13344803,98.88957977,98.31489035,-2.27998055900523,9.64105257235075,2.87512110574174,2.64808823282744,43.0444444444445,61.8452632301732,57.0394732826634,52.5852631016781,15.0135299082056,0,1,3,2,0
186,Vanuatu,11.6342701,2.106090034,4.496999979,117.3893007,97.5846778,45.34966532,0.583430012,0.983844995,0.931031644,88.77088819,41.92653999,94.46070862,83.53543599,1.71118122166108,4.80666673183441,2.70935028536082,0.130902613240978,37.6,69.7000007629395,66.646666208903,54.0166664123535,20.8965587127466,3,0,4,2,0
187,Venezuela,10.63616178,5.061512344,56.00467072,102.8845632,66.00949568,80.95985413,1.18572998,0.978574111,1.110756474,93.64023366,71.99817478,98.24295298,95.35816447,-1.840846261940665,9.2320000330607,2.98938480191003,1.4055653637775,49.7166666666667,62.4689998626709,59.16428565979,44.5857140677316,29.846118083887,2,1,0,2,0
188,Viet Nam,13.14623976,2.554734051,20.95929605,105.4763416,72.43151052,86.16828346,0.945206438,0.980661657,1.003102783,102.8103695,84.61572266,97.74988174,94.26041412,-1.840846261940665,1.76000000448788,6.46187260750936,5.41250874027195,36.2111111111111,77.1663644964045,73.1882351146025,56.5017648584702,30.2085114603591,0,1,0,2,0
189,Yémen. Rép. du,33.88680792,21.62514559,10.47093992,89.16690549,1.11823221,47.0218441,0.390291105,0.761749094,0.569165999,63.83043633,48.32529704,77.0,54.09999847,-1.840846261940665,15.5249998569488,-0.131733969900702,-2.81235457769366,35.7,33.2800006866455,34.9750001430511,28.0299997329711,20.8965587127466,1,0,2,1,0
190,Zambie,7.781352671,14.45495165,4.142450094,103.4260721,6.974566778,86.16828346,0.553080007,0.979083758,1.003102783,82.20451126,49.92135464,78.48614502,75.00798607,-2.41070748159212,11.4183332125346,5.95681166737898,2.99345129846713,52.74,32.1849994659424,53.1683333714803,39.8099999427795,34.4780838862509,2,0,1,2,-1
191,Zimbabwe,10.81303606,5.628605843,7.43937788,108.464595,55.51080704,46.79606628,0.749875987,0.977697992,0.904926002,93.00402527,70.5364418,90.67941284,86.13806534,-3.81285000078239,7.8475000858307,0.533590768800426,-0.597111558699265,43.75,69.4033342997233,66.515998840332,60.061999130249,-5.61314812089591,3,0,4,2,0
192,Égypte. République arabe d’,8.304821491,4.555783743,30.54040662,100.7045387,21.94027731,80.92852402,0.88982235,0.97375529,0.976272308,94.01522173,80.84179382,87.78987249,70.53766251,-7.96312079194363,10.8433334032694,4.28712362117524,2.23797025178556,30.7833333333333,27.116363698786,39.9458823484533,32.4712495803833,16.6863866919891,2,1,1,2,0
193,Émirats arabes unis,1.415929943,3.223172851,28.107104065,104.5551725,79.27428961,100.1456108,1.171020031,1.003125702,0.938769996,92.43703243,79.6374453,97.21822357,91.63049698,0.187131208367684,2.36249998211861,3.88361347393397,-2.03956806146231,32.5,80.7099990844727,75.0683326721191,49.4800003051758,20.8965587127466,0,1,0,2,0
194,Équateur,13.49470948,1.38857589,40.95159435,109.9576997,65.83344905,83.68716206,1.172509988,1.005638901,1.03152294,102.5629546,78.46559884,98.61691475,92.6982708,-1.840846261940665,3.92499999205271,3.48471016107685,1.78476860715793,48.60625,62.3361106448703,62.9457887348376,47.5584210847553,24.7005782411249,2,1,0,2,0
195,Érythrée,35.54856962,31.26999973,2.836364999,90.68372076,20.83073605,46.69974047,0.377687493,0.848086469,0.739492942,68.1578002,46.24849987,86.06419627,64.58248011,-1.840846261940665,6.880263108956185,1.68696370603248,-1.37616226438951,62.1,52.1739997863769,57.1549996827778,41.493860018880696,20.8965587127466,1,0,2,1,0
196,États-Unis,0.779776016,1.659009996,85.47876655,101.0523593,71.48139725,96.09023751,1.276468906,0.997808341,1.005273342,99.46244812,104.1182137,98.002902985,91.78500279,-4.63092363458528,6.08500001430511,1.98460653558423,1.17639397225415,40.58,41.348999786377,60.5729997634888,57.6799997329712,18.0944174905244,0,1,3,2,0
197,Éthiopie,47.44149617,32.53181505,4.684812763,84.09526934,7.259989985,28.77571399,0.380139998,0.854022861,0.727236922,45.62804726,27.02977289,55.56094265,39.12187481,-3.2586001463472,2.375,9.0902520194771,6.11126560672655,32.6666666666667,78.75,79.6900024414063,75.2150001525879,30.9355130581785,1,0,2,1,-1
198,Îles Caïmans,14.11947268,11.76404654,23.36409473,91.98568726,56.42441389,81.32335802,1.575256666,0.97961273,1.001615459,93.00824807,86.43013417,98.9068222,98.86782074,-1.840846261940665,4.98999994595846,1.04366060431456,-0.901660912867505,39.4666666666667,62.1400003433228,78.7881816517223,54.6333334181044,20.8965587127466,2,1,0,2,0
199,Îles Féroé,7.781352671,3.996940017,28.107104065,102.8845632,59.5749357,86.16828346,1.171020031,0.987593896,1.003102783,95.08778327,82.763300195,98.002902985,91.78500279,-1.840846261940665,3.84999998410543,3.45417419607163,1.9831234338308,39.4666666666667,52.1739997863769,57.1549996827778,41.493860018880696,26.0023629942072,2,1,0,2,0
200,Îles Marshall,25.00364494,16.31493762,21.90835381,102.4262721,46.2604723,67.91425878,1.121163328,1.000704989,1.05447637,94.86150208,98.56620483,98.45877838,98.26508331,2.40912257081412,15.0550003051758,1.56109156916842,0.770862205492937,39.4666666666667,52.1739997863769,39.3300018310547,41.493860018880696,25.4994138423797,2,1,1,2,0
201,Îles Salomon,23.31140995,9.850561553,28.107104065,109.7088107,89.758601,37.73925304,1.171020031,0.973777693,0.850966252,86.55085161,63.0308136,98.002902985,76.59999847,1.27667944687928,1.35499998927116,3.5552156963403,0.950794347183637,41.6,91.8300018310547,73.3999996185303,70.7799987792969,-0.614082384798705,3,0,4,2,-1
202,Îles Turques-et-Caïques,24.41730309,22.45209007,3.92487672,85.98194716,103.3164885,76.18488203,1.171020031,1.014702221,1.028742858,89.29615927,78.55394491,98.002902985,91.78500279,-1.840846261940665,7.84249991178513,4.47764774084108,2.73494582510641,39.4666666666667,52.1739997863769,67.012499332428,41.493860018880696,20.8965587127466,3,1,4,2,0
203,Îles Vierges britanniques,12.72809744,3.434494199,48.84149551,110.9349451,102.4179447,101.0960429,1.4567257,0.964527503,1.068643531,95.24238536,83.31407547,98.002902985,91.78500279,-1.840846261940665,6.880263108956185,3.45417419607163,1.9831234338308,39.4666666666667,52.1739997863769,57.1549996827778,41.493860018880696,20.8965587127466,0,1,3,2,0
